(title "Static Pressure")
(labels "Position" "Static Pressure")

((xy/key/label "line-center-axis")
0	-575.525
0.000999344	-1223.25
0.00199869	-2435.2
0.00299803	-3308.49
0.00399738	-3907.9
0.00499672	-4380.61
0.00599607	-4744.07
0.00699541	-4978.24
0.00799475	-5198.56
0.0089941	-5461.67
0.00999344	-5728.59
0.0109928	-5887.22
0.0119921	-6076.6
0.0129915	-6400.71
0.0139908	-6790.1
0.0149902	-7194.05
0.0159895	-7492.19
0.0169889	-7689
0.0179882	-7864.74
0.0189875	-8081.69
0.0199869	-8380.08
0.0209862	-8689.43
0.0219856	-8922.78
0.0229849	-9210.13
0.0239843	-9487.37
0.0249836	-9674.37
0.025983	-9953.58
0.0269823	-10258.7
0.0279816	-10578.9
0.028981	-10895.8
0.0299803	-11091.2
0.0309797	-11337.3
0.031979	-11726
0.0329784	-12103.7
0.0339777	-12432.9
0.034977	-12755.7
0.0359764	-13039.2
0.0369757	-13316.8
0.0379751	-13688.7
0.0389744	-14011.5
0.0399738	-14242.2
0.0409731	-14525.2
0.0419725	-14843.4
0.0429718	-15135
0.0439711	-15424.6
0.0449705	-15791.6
0.0459698	-16166.6
0.0469692	-16496.8
0.0479685	-16824.9
0.0489679	-17149.5
0.0499672	-17458.1
0.0509666	-17812
0.0519659	-18177.5
0.0529652	-18531.7
0.0539646	-18852
0.0549639	-19160.7
0.0559633	-19484.2
0.0569626	-19807.5
0.057962	-20107.7
0.0589613	-20452.1
0.0599607	-20802.2
0.06096	-21159.4
0.0619593	-21537.8
0.0629587	-21813
0.063958	-22129.3
0.0649574	-22548.6
0.0659567	-22911.7
0.0669561	-23218.8
0.0679554	-23563.8
0.0689548	-23917.6
0.0699541	-24255.7
0.0709534	-24603.6
0.0719528	-24979.7
0.0729521	-25338
0.0739515	-25662.5
0.0749508	-25993.6
0.0759502	-26375.4
0.0769495	-26694.1
0.0779489	-27028.6
0.0789482	-27401.7
0.0799475	-27681.2
0.0809469	-28010.5
0.0819462	-28401.6
0.0829456	-28757.6
0.0839449	-29108.5
0.0849443	-29421.6
0.0859436	-29751.8
0.086943	-30104.6
0.0879423	-30456.3
0.0889416	-30792.3
0.089941	-31074.4
0.0909403	-31452.6
0.0919397	-31847.7
0.092939	-32196.3
0.0939384	-32543
0.0949377	-32864.5
0.0959371	-33187.4
0.0969364	-33524.9
0.0979357	-33872.3
0.0989351	-34188.9
0.0999344	-34511.1
0.100934	-34876.7
0.101933	-35244.1
0.102932	-35580.9
0.103932	-35876.3
0.104931	-36189.1
0.10593	-36508.8
0.10693	-36870.8
0.107929	-37222.3
0.108929	-37557.5
0.109928	-37902.5
0.110927	-38247.4
0.111927	-38599.5
0.112926	-38937.1
0.113925	-39287.4
0.113925	-39287.4
0.114925	-39640.9
0.115924	-39971
0.116923	-40293.5
0.117923	-40607.6
0.118922	-40948.4
0.119921	-41320.9
0.120921	-41631.6
0.12192	-41954
0.122919	-42297.2
0.123919	-42659.5
0.124918	-42998.3
0.125917	-43308.6
0.126917	-43648.1
0.127916	-43963.1
0.128915	-44281
0.129915	-44611.4
0.130914	-44948.4
0.131913	-45282.3
0.132913	-45626.8
0.133912	-45950.8
0.134911	-46254.8
0.135911	-46565.1
0.13691	-46904.2
0.13791	-47277.6
0.138909	-47625
0.139908	-47968.7
0.140908	-48282
0.141907	-48583.6
0.142906	-48910.1
0.143906	-49248.5
0.144905	-49599.1
0.145904	-49918.5
0.146904	-50218
0.147903	-50547.2
0.148902	-50870.2
0.149902	-51176.2
0.150901	-51519.6
0.1519	-51825.9
0.1529	-52123.2
0.153899	-52486.2
0.154898	-52803.3
0.155898	-53097.6
0.156897	-53447.7
0.157896	-53771.7
0.158896	-54044.1
0.159895	-54340.9
0.160894	-54671.6
0.161894	-54995.5
0.162893	-55325.4
0.163892	-55645.2
0.164892	-55956.7
0.165891	-56279.6
0.16689	-56598
0.16789	-56911.3
0.168889	-57219.6
0.169889	-57551.7
0.170888	-57857.5
0.171887	-58154.1
0.172887	-58473.2
0.173886	-58781.8
0.174885	-59106.5
0.175885	-59419.8
0.176884	-59715.7
0.177883	-60018.1
0.178883	-60355.7
0.179882	-60685.5
0.180881	-60992.8
0.181881	-61289.8
0.18288	-61594.4
0.183879	-61913.1
0.184879	-62212.2
0.185878	-62524
0.186877	-62838.7
0.187877	-63165.9
0.188876	-63475.9
0.189875	-63749.7
0.190875	-64075.8
0.190875	-64075.8
0.191874	-64413.3
0.192873	-64710.5
0.193873	-65006.4
0.194872	-65315.8
0.195871	-65612.7
0.196871	-65887.9
0.19787	-66184.7
0.198869	-66469.5
0.199869	-66792.8
0.200868	-67123.5
0.201868	-67416.2
0.202867	-67712.5
0.203866	-67988.1
0.204866	-68272.5
0.205865	-68591.9
0.206864	-68904.7
0.207864	-69207.8
0.208863	-69506.1
0.209862	-69809
0.210862	-70112.2
0.211861	-70385.6
0.21286	-70678.7
0.21386	-70985.4
0.214859	-71270
0.215858	-71543.9
0.216858	-71834.1
0.217857	-72134.3
0.218856	-72444.3
0.219856	-72744.9
0.220855	-72989.7
0.221854	-73268.6
0.222854	-73596.1
0.223853	-73888.7
0.224852	-74173.5
0.225852	-74491.4
0.226851	-74804.1
0.22785	-75104.4
0.22885	-75380
0.229849	-75662
0.230849	-75960
0.231848	-76227
0.232847	-76517
0.233847	-76821.9
0.234846	-77111
0.235845	-77390.6
0.236845	-77680.7
0.237844	-77972.6
0.238843	-78268.9
0.239843	-78573.5
0.240842	-78848.7
0.241841	-79125.6
0.242841	-79417
0.24384	-79713.4
0.244839	-80013.2
0.245839	-80304.2
0.246838	-80571.2
0.247837	-80846.8
0.248837	-81138.6
0.249836	-81419.4
0.250835	-81708.2
0.251835	-81983.2
0.252834	-82271.4
0.253833	-82562.6
0.254833	-82836.9
0.255832	-83138.6
0.256831	-83413.5
0.257831	-83676.7
0.25883	-83967.2
0.25983	-84236.5
0.260829	-84512.8
0.261828	-84807.1
0.262828	-85080.3
0.263827	-85341.4
0.264826	-85613.8
0.265826	-85891.3
0.266825	-86160.1
0.267824	-86444.7
0.268824	-86729.2
0.269823	-87013.6
0.270822	-87281.1
0.271822	-87556.2
0.272821	-87849.7
0.27382	-88112.4
0.27482	-88399.7
0.275819	-88683.5
0.276818	-88949.7
0.277818	-89215.6
0.278817	-89486.1
0.279816	-89773.2
0.280816	-90038.5
0.281815	-90304.8
0.282814	-90577
0.283814	-90855.3
0.284813	-91141.5
0.285812	-91419.3
0.286812	-91691.7
0.287811	-91952.9
0.28881	-92232
0.28981	-92502
0.290809	-92763
0.291809	-93025.1
0.292808	-93294.4
0.293807	-93560.6
0.294807	-93788.4
0.295806	-94026.8
0.296805	-94250.3
0.297805	-94434.9
0.298804	-94630.2
0.299803	-94787.7
0.300803	-94902.7
0.301802	-94974.6
0.302801	-95006.3
0.303801	-94997.9
0.3048	-94725.3
0.3048	-94725.3
)
