(title "Static Pressure")
(labels "Position" "Static Pressure")

((xy/key/label "line-center-axis")
0	-282.149
0.000999344	-640.42
0.00199869	-1298
0.00299803	-1761.43
0.00399738	-2062.24
0.00499672	-2279.4
0.00599607	-2440.4
0.00699541	-2553.36
0.00799475	-2660.39
0.0089941	-2790.8
0.00999344	-2936.2
0.0109928	-3047.63
0.0119921	-3173.71
0.0129915	-3346.42
0.0139908	-3537.15
0.0149902	-3736.07
0.0159895	-3891.37
0.0169889	-3997.88
0.0179882	-4100.4
0.0189875	-4223.66
0.0199869	-4387.96
0.0209862	-4556.08
0.0219856	-4685.73
0.0229849	-4852.57
0.0239843	-5016.64
0.0249836	-5133.67
0.025983	-5289.93
0.0269823	-5455.82
0.0279816	-5636.88
0.028981	-5818.4
0.0299803	-5944.5
0.0309797	-6095.54
0.031979	-6313.6
0.0329784	-6528.26
0.0339777	-6718.98
0.034977	-6906.89
0.0359764	-7071.97
0.0369757	-7232.24
0.0379751	-7443.99
0.0389744	-7637.03
0.0399738	-7780.82
0.0409731	-7948.33
0.0419725	-8134.57
0.0429718	-8305.5
0.0439711	-8478.44
0.0449705	-8692.74
0.0459698	-8906.27
0.0469692	-9098.58
0.0479685	-9294.5
0.0489679	-9484.66
0.0499672	-9663.54
0.0509666	-9866.65
0.0519659	-10076.1
0.0529652	-10279.9
0.0539646	-10468.5
0.0549639	-10650.2
0.0559633	-10840.9
0.0569626	-11032
0.057962	-11206.2
0.0589613	-11402.7
0.0599607	-11604.9
0.06096	-11811.3
0.0619593	-12027.8
0.0629587	-12191.4
0.063958	-12375.4
0.0649574	-12610.3
0.0659567	-12818.1
0.0669561	-12998.3
0.0679554	-13197.5
0.0689548	-13402
0.0699541	-13598.9
0.0709534	-13798.6
0.0719528	-14012.6
0.0729521	-14219.2
0.0739515	-14407
0.0749508	-14597.2
0.0759502	-14815.8
0.0769495	-15001.8
0.0779489	-15195
0.0789482	-15409.2
0.0799475	-15574.7
0.0809469	-15765.7
0.0819462	-15989.8
0.0829456	-16195.1
0.0839449	-16398.9
0.0849443	-16583
0.0859436	-16775.7
0.086943	-16980.5
0.0879423	-17185.6
0.0889416	-17382.4
0.089941	-17548.8
0.0909403	-17768.3
0.0919397	-17998.3
0.092939	-18203.2
0.0939384	-18407.3
0.0949377	-18597.4
0.0959371	-18788
0.0969364	-18987
0.0979357	-19191.8
0.0989351	-19379.8
0.0999344	-19570.9
0.100934	-19786.7
0.101933	-20004.3
0.102932	-20204.7
0.103932	-20381.4
0.104931	-20567.9
0.10593	-20758.8
0.10693	-20974.2
0.107929	-21183.8
0.108929	-21384.3
0.109928	-21590.3
0.110927	-21796.5
0.111927	-22006.9
0.112926	-22209
0.113925	-22418.6
0.113925	-22418.6
0.114925	-22630.3
0.115924	-22828.4
0.116923	-23022.3
0.117923	-23211.5
0.118922	-23416.4
0.119921	-23640.2
0.120921	-23827.8
0.12192	-24022.3
0.122919	-24229
0.123919	-24447.2
0.124918	-24652.1
0.125917	-24839.9
0.126917	-25045.1
0.127916	-25236.1
0.128915	-25429
0.129915	-25629.6
0.130914	-25834.3
0.131913	-26037.2
0.132913	-26246.7
0.133912	-26444.1
0.134911	-26629.8
0.135911	-26819.2
0.13691	-27026.5
0.13791	-27254.7
0.138909	-27467.1
0.139908	-27677.6
0.140908	-27869.8
0.141907	-28055.2
0.142906	-28256.3
0.143906	-28464.9
0.144905	-28681
0.145904	-28878.4
0.146904	-29063.6
0.147903	-29267.3
0.148902	-29467.4
0.149902	-29657.2
0.150901	-29870.8
0.1519	-30062.1
0.1529	-30247.8
0.153899	-30473.8
0.154898	-30671.7
0.155898	-30856
0.156897	-31074.9
0.157896	-31277.7
0.158896	-31448.9
0.159895	-31635.2
0.160894	-31842.8
0.161894	-32046.3
0.162893	-32254.4
0.163892	-32456.3
0.164892	-32652.8
0.165891	-32856.6
0.16689	-33058.1
0.16789	-33256.3
0.168889	-33451.7
0.169889	-33662.4
0.170888	-33856.3
0.171887	-34044.6
0.172887	-34247.5
0.173886	-34443.8
0.174885	-34650.5
0.175885	-34850.2
0.176884	-35039.1
0.177883	-35232.5
0.178883	-35448.4
0.179882	-35659.5
0.180881	-35856.1
0.181881	-36046.4
0.18288	-36242.1
0.183879	-36446.9
0.184879	-36639
0.185878	-36839.7
0.186877	-37042.6
0.187877	-37253.9
0.188876	-37454.4
0.189875	-37631.4
0.190875	-37842.2
0.190875	-37842.2
0.191874	-38060.4
0.192873	-38252.8
0.193873	-38444.9
0.194872	-38646.4
0.195871	-38840
0.196871	-39019.4
0.19787	-39212.7
0.198869	-39398.5
0.199869	-39609.6
0.200868	-39825.6
0.201868	-40017.2
0.202867	-40211.3
0.203866	-40391.9
0.204866	-40578.6
0.205865	-40788.8
0.206864	-40994.6
0.207864	-41194.2
0.208863	-41390.8
0.209862	-41590.5
0.210862	-41790.7
0.211861	-41971.4
0.21286	-42165.4
0.21386	-42368.9
0.214859	-42557.7
0.215858	-42739.9
0.216858	-42933
0.217857	-43132.5
0.218856	-43338.9
0.219856	-43539.7
0.220855	-43703.2
0.221854	-43889.4
0.222854	-44108.3
0.223853	-44304.6
0.224852	-44495.8
0.225852	-44709
0.226851	-44918.8
0.22785	-45120.7
0.22885	-45306.2
0.229849	-45496.1
0.230849	-45697.5
0.231848	-45878.2
0.232847	-46074.1
0.233847	-46280.1
0.234846	-46476.2
0.235845	-46666.1
0.236845	-46863.4
0.237844	-47062.1
0.238843	-47263.5
0.239843	-47471.1
0.240842	-47658.7
0.241841	-47847.6
0.242841	-48046.9
0.24384	-48250.3
0.244839	-48455.8
0.245839	-48655.5
0.246838	-48838.9
0.247837	-49028.1
0.248837	-49229.3
0.249836	-49423.1
0.250835	-49622.6
0.251835	-49812.7
0.252834	-50011.9
0.253833	-50213.6
0.254833	-50403.6
0.255832	-50612.3
0.256831	-50803
0.257831	-50986.3
0.25883	-51188.8
0.25983	-51376.9
0.260829	-51570.1
0.261828	-51775.7
0.262828	-51966.3
0.263827	-52149
0.264826	-52340.1
0.265826	-52534.7
0.266825	-52723.6
0.267824	-52924.1
0.268824	-53124.4
0.269823	-53324.7
0.270822	-53513.6
0.271822	-53708
0.272821	-53915.7
0.27382	-54102
0.27482	-54305.7
0.275819	-54507.1
0.276818	-54696.5
0.277818	-54885.6
0.278817	-55078.7
0.279816	-55283.5
0.280816	-55472.8
0.281815	-55663.4
0.282814	-55858.2
0.283814	-56057.3
0.284813	-56262.4
0.285812	-56461.9
0.286812	-56657.7
0.287811	-56845.8
0.28881	-57047
0.28981	-57241.6
0.290809	-57430.7
0.291809	-57621
0.292808	-57816.7
0.293807	-58010.7
0.294807	-58177.5
0.295806	-58352.8
0.296805	-58518
0.297805	-58656.2
0.298804	-58803
0.299803	-58922.1
0.300803	-59010.7
0.301802	-59066.4
0.302801	-59090.6
0.303801	-59084.4
0.3048	-58878.3
0.3048	-58878.3
)
