(title "Static Pressure")
(labels "Position" "Static Pressure")

((xy/key/label "line-center-axis")
0	295.526
0.000999344	-844.207
0.00199869	-1448.36
0.00299803	-2023.96
0.00399738	-2643.19
0.00499672	-3257.41
0.00599607	-3846.95
0.00699541	-4414.11
0.00799475	-4963.72
0.0089941	-5497.8
0.00999344	-6017.59
0.0109928	-6524.07
0.0119921	-7018.01
0.0129915	-7500.7
0.0139908	-7973.98
0.0149902	-8439.88
0.0159895	-8900.5
0.0169889	-9357.91
0.0179882	-9814.01
0.0189875	-10270.3
0.0199869	-10727.8
0.0209862	-11187.3
0.0219856	-11648.9
0.0229849	-12112.8
0.0239843	-12578.9
0.0249836	-13047.2
0.025983	-13517.2
0.0269823	-13989
0.0279816	-14462.1
0.028981	-14936.5
0.0299803	-15412
0.0309797	-15888.3
0.031979	-16365.4
0.0329784	-16843.2
0.0339777	-17321.5
0.0349771	-17800.2
0.0359764	-18279.3
0.0369757	-18758.7
0.0379751	-19238.4
0.0389744	-19718.3
0.0399738	-20198.3
0.0409731	-20678.6
0.0419725	-21158.9
0.0429718	-21639.6
0.0439711	-22120.4
0.0449705	-22601.4
0.0459698	-23082.4
0.0469692	-23563.6
0.0479685	-24044.9
0.0479685	-24044.9
0.0489679	-24526.2
0.0499672	-25007.7
0.0509666	-25489.3
0.0519659	-25971.1
0.0529652	-26453
0.0539646	-26935.1
0.0549639	-27417.4
0.0559633	-27899.8
0.0569626	-28382.3
0.057962	-28864.9
0.0589613	-29347.7
0.0599607	-29830.6
0.06096	-30313.6
0.0619593	-30796.7
0.0629587	-31280
0.063958	-31763.3
0.0649574	-32246.6
0.0659567	-32730.1
0.0669561	-33213.7
0.0679554	-33697.4
0.0689548	-34181.1
0.0699541	-34664.9
0.0709534	-35148.8
0.0719528	-35632.8
0.0729521	-36116.9
0.0739515	-36601.1
0.0749508	-37085.3
0.0759502	-37569.6
0.0769495	-38054
0.0779489	-38538.5
0.0789482	-39023
0.0799475	-39507.6
0.0809469	-39992.3
0.0819462	-40477.1
0.0829456	-40961.9
0.0839449	-41446.8
0.0849443	-41931.7
0.0859436	-42416.8
0.0869429	-42901.8
0.0879423	-43387
0.0889416	-43872.2
0.089941	-44357.4
0.0909403	-44842.8
0.0919397	-45328.1
0.092939	-45813.6
0.0939384	-46299.1
0.0949377	-46784.7
0.0959371	-47270.3
0.0969364	-47756
0.0979357	-48241.7
0.0989351	-48727.5
0.0999344	-49213.4
0.100934	-49699.3
0.101933	-50185.3
0.102932	-50671.3
0.103932	-51157.3
0.104931	-51643.4
0.10593	-52129.6
0.10693	-52615.8
0.107929	-53102
0.108929	-53588.3
0.109928	-54074.6
0.110927	-54560.9
0.111927	-55047.3
0.112926	-55533.7
0.113925	-56020.1
0.114925	-56506.6
0.115924	-56993.1
0.116923	-57479.6
0.117923	-57966.1
0.118922	-58452.7
0.119921	-58939.3
0.120921	-59425.9
0.12192	-59912.5
0.122919	-60399.1
0.123919	-60885.8
0.124918	-61372.4
0.125917	-61859.1
0.126917	-62345.8
0.127916	-62832.5
0.128915	-63319.3
0.129915	-63806
0.130914	-64292.8
0.131913	-64779.6
0.132913	-65266.4
0.133912	-65753.2
0.134911	-66240
0.135911	-66726.8
0.13691	-67213.7
0.13791	-67700.5
0.138909	-68187.4
0.139908	-68674.3
0.140908	-69161.3
0.141907	-69648.2
0.142906	-70135.2
0.143906	-70622.3
0.144905	-71109.4
0.145904	-71596.5
0.146904	-72083.7
0.147903	-72570.9
0.148902	-73058.1
0.149902	-73545.4
0.150901	-74032.7
0.1519	-74520
0.1529	-75007.4
0.153899	-75494.7
0.154898	-75982.1
0.155898	-76469.5
0.156897	-76956.9
0.157896	-77444.3
0.158896	-77931.7
0.158896	-77931.7
0.159895	-78419.2
0.160894	-78906.6
0.161894	-79394.1
0.162893	-79881.5
0.163892	-80369
0.164892	-80856.5
0.165891	-81344
0.166891	-81831.5
0.16789	-82319.1
0.168889	-82806.7
0.169889	-83294.2
0.170888	-83781.8
0.171887	-84269.4
0.172887	-84757
0.173886	-85244.7
0.174885	-85732.3
0.175885	-86220
0.176884	-86707.7
0.177883	-87195.4
0.178883	-87683.1
0.179882	-88170.9
0.180881	-88658.6
0.181881	-89146.4
0.18288	-89634.2
0.183879	-90122
0.184879	-90609.8
0.185878	-91097.6
0.186877	-91585.4
0.187877	-92073.3
0.188876	-92561.1
0.189875	-93049
0.190875	-93536.8
0.191874	-94024.7
0.192873	-94512.6
0.193873	-95000.5
0.194872	-95488.4
0.195871	-95976.3
0.196871	-96464.2
0.19787	-96952.1
0.198869	-97440
0.199869	-97927.9
0.200868	-98415.8
0.201868	-98903.8
0.202867	-99391.7
0.203866	-99879.7
0.204866	-100368
0.205865	-100856
0.206864	-101344
0.207864	-101832
0.208863	-102319
0.209862	-102807
0.210862	-103295
0.211861	-103783
0.21286	-104271
0.21386	-104759
0.214859	-105247
0.215858	-105735
0.216858	-106223
0.217857	-106711
0.218856	-107199
0.219856	-107687
0.220855	-108175
0.221854	-108663
0.222854	-109151
0.223853	-109639
0.224852	-110127
0.225852	-110615
0.226851	-111103
0.22785	-111591
0.22885	-112079
0.229849	-112567
0.230849	-113055
0.231848	-113543
0.232847	-114031
0.233847	-114520
0.234846	-115008
0.235845	-115496
0.236845	-115984
0.237844	-116472
0.238843	-116960
0.239843	-117448
0.240842	-117936
0.241841	-118424
0.242841	-118911
0.24384	-119399
0.244839	-119887
0.245839	-120375
0.246838	-120863
0.247837	-121351
0.248837	-121839
0.249836	-122327
0.250835	-122815
0.251835	-123303
0.252834	-123791
0.253833	-124279
0.254833	-124767
0.254833	-124767
0.255832	-125255
0.256831	-125743
0.257831	-126231
0.25883	-126719
0.25983	-127207
0.260829	-127695
0.261828	-128183
0.262828	-128671
0.263827	-129160
0.264826	-129648
0.265826	-130136
0.266825	-130624
0.267824	-131112
0.268824	-131600
0.269823	-132088
0.270822	-132576
0.271822	-133064
0.272821	-133552
0.27382	-134040
0.27482	-134528
0.275819	-135016
0.276818	-135504
0.277818	-135993
0.278817	-136481
0.279816	-136969
0.280816	-137457
0.281815	-137945
0.282814	-138433
0.283814	-138921
0.284813	-139409
0.285812	-139897
0.286812	-140386
0.287811	-140874
0.288811	-141362
0.28981	-141850
0.290809	-142338
0.291809	-142826
0.292808	-143314
0.293807	-143802
0.294807	-144290
0.295806	-144778
0.296805	-145265
0.297805	-145752
0.298804	-146239
0.299803	-146725
0.300803	-147209
0.301802	-147691
0.302801	-148166
0.303801	-148666
0.3048	-149410
)
