(title "Static Pressure")
(labels "Position" "Static Pressure")

((xy/key/label "line-center-axis")
0	30.7159
0.000999344	-298.542
0.00199869	-485.906
0.00299803	-645.144
0.00399738	-794.458
0.00499672	-943.863
0.00599607	-1094.9
0.00699541	-1248.9
0.00799475	-1405.72
0.0089941	-1564.75
0.00999344	-1724.95
0.0109928	-1885.56
0.0119921	-2046.35
0.0129915	-2207.09
0.0139908	-2367.67
0.0149902	-2528.1
0.0159895	-2688.38
0.0169889	-2848.51
0.0179882	-3008.55
0.0189875	-3168.57
0.0199869	-3328.64
0.0209862	-3488.77
0.0219856	-3648.98
0.0229849	-3809.26
0.0239843	-3969.58
0.0249836	-4129.88
0.025983	-4290.1
0.0269823	-4450.19
0.0279816	-4610.05
0.028981	-4769.62
0.0299803	-4928.82
0.0309797	-5087.58
0.031979	-5245.86
0.0329784	-5403.59
0.0339777	-5560.73
0.0349771	-5717.26
0.0359764	-5873.16
0.0369757	-6028.43
0.0379751	-6183.08
0.0389744	-6337.14
0.0399738	-6490.63
0.0409731	-6643.6
0.0419725	-6796.07
0.0429718	-6948.06
0.0439711	-7099.61
0.0449705	-7250.86
0.0459698	-7401.81
0.0469692	-7552.51
0.0479685	-7702.99
0.0479685	-7702.99
0.0489679	-7853.31
0.0499672	-8003.48
0.0509666	-8153.53
0.0519659	-8303.47
0.0529652	-8453.33
0.0539646	-8603.11
0.0549639	-8752.83
0.0559633	-8902.51
0.0569626	-9052.15
0.057962	-9201.77
0.0589613	-9351.37
0.0599607	-9500.95
0.06096	-9650.52
0.0619593	-9800.07
0.0629587	-9949.61
0.063958	-10099.1
0.0649574	-10248.6
0.0659567	-10398.1
0.0669561	-10547.6
0.0679554	-10697
0.0689548	-10846.5
0.0699541	-10995.9
0.0709534	-11145.2
0.0719528	-11294.6
0.0729521	-11443.9
0.0739515	-11593.2
0.0749508	-11742.5
0.0759502	-11891.7
0.0769495	-12040.9
0.0779489	-12190.1
0.0789482	-12339.2
0.0799475	-12488.4
0.0809469	-12637.5
0.0819462	-12786.5
0.0829456	-12935.6
0.0839449	-13084.6
0.0849443	-13233.6
0.0859436	-13382.5
0.0869429	-13531.5
0.0879423	-13680.4
0.0889416	-13829.3
0.089941	-13978.1
0.0909403	-14127
0.0919397	-14275.8
0.092939	-14424.6
0.0939384	-14573.4
0.0949377	-14722.1
0.0959371	-14870.8
0.0969364	-15019.5
0.0979357	-15168.2
0.0989351	-15316.9
0.0999344	-15465.5
0.100934	-15614.2
0.101933	-15762.8
0.102932	-15911.4
0.103932	-16059.9
0.104931	-16208.5
0.10593	-16357
0.10693	-16505.6
0.107929	-16654.1
0.108929	-16802.6
0.109928	-16951
0.110927	-17099.5
0.111927	-17248
0.112926	-17396.4
0.113925	-17544.8
0.114925	-17693.2
0.115924	-17841.6
0.116923	-17990
0.117923	-18138.4
0.118922	-18286.7
0.119921	-18435.1
0.120921	-18583.4
0.12192	-18731.7
0.122919	-18880
0.123919	-19028.3
0.124918	-19176.6
0.125917	-19324.9
0.126917	-19473.2
0.127916	-19621.4
0.128915	-19769.7
0.129915	-19917.9
0.130914	-20066.1
0.131913	-20214.3
0.132913	-20362.5
0.133912	-20510.7
0.134911	-20658.9
0.135911	-20807.1
0.13691	-20955.3
0.13791	-21103.4
0.138909	-21251.6
0.139908	-21399.7
0.140908	-21547.9
0.141907	-21696
0.142906	-21844.1
0.143906	-21992.2
0.144905	-22140.2
0.145904	-22288.3
0.146904	-22436.3
0.147903	-22584.3
0.148902	-22732.3
0.149902	-22880.2
0.150901	-23028.2
0.1519	-23176.1
0.1529	-23324.1
0.153899	-23472
0.154898	-23619.9
0.155898	-23767.8
0.156897	-23915.7
0.157896	-24063.6
0.158896	-24211.5
0.158896	-24211.5
0.159895	-24359.3
0.160894	-24507.2
0.161894	-24655
0.162893	-24802.8
0.163892	-24950.6
0.164892	-25098.5
0.165891	-25246.3
0.166891	-25394.1
0.16789	-25541.8
0.168889	-25689.6
0.169889	-25837.4
0.170888	-25985.1
0.171887	-26132.9
0.172887	-26280.6
0.173886	-26428.4
0.174885	-26576.1
0.175885	-26723.8
0.176884	-26871.5
0.177883	-27019.2
0.178883	-27167
0.179882	-27314.6
0.180881	-27462.3
0.181881	-27610
0.18288	-27757.7
0.183879	-27905.3
0.184879	-28053
0.185878	-28200.7
0.186877	-28348.3
0.187877	-28496
0.188876	-28643.6
0.189875	-28791.2
0.190875	-28938.9
0.191874	-29086.5
0.192873	-29234.1
0.193873	-29381.7
0.194872	-29529.4
0.195871	-29677
0.196871	-29824.6
0.19787	-29972.2
0.198869	-30119.8
0.199869	-30267.4
0.200868	-30415
0.201868	-30562.5
0.202867	-30710.1
0.203866	-30857.7
0.204866	-31005.3
0.205865	-31152.9
0.206864	-31300.5
0.207864	-31448
0.208863	-31595.6
0.209862	-31743.2
0.210862	-31890.8
0.211861	-32038.3
0.21286	-32185.9
0.21386	-32333.4
0.214859	-32481
0.215858	-32628.6
0.216858	-32776.1
0.217857	-32923.7
0.218856	-33071.2
0.219856	-33218.8
0.220855	-33366.4
0.221854	-33513.9
0.222854	-33661.5
0.223853	-33809
0.224852	-33956.6
0.225852	-34104.1
0.226851	-34251.6
0.22785	-34399.2
0.22885	-34546.7
0.229849	-34694.3
0.230849	-34841.8
0.231848	-34989.4
0.232847	-35136.9
0.233847	-35284.5
0.234846	-35432
0.235845	-35579.6
0.236845	-35727.1
0.237844	-35874.6
0.238843	-36022.2
0.239843	-36169.7
0.240842	-36317.3
0.241841	-36464.8
0.242841	-36612.4
0.24384	-36759.9
0.244839	-36907.5
0.245839	-37055
0.246838	-37202.5
0.247837	-37350.1
0.248837	-37497.6
0.249836	-37645.2
0.250835	-37792.7
0.251835	-37940.3
0.252834	-38087.8
0.253833	-38235.4
0.254833	-38382.9
0.254833	-38382.9
0.255832	-38530.4
0.256831	-38677.9
0.257831	-38825.5
0.25883	-38973
0.25983	-39120.5
0.260829	-39268
0.261828	-39415.5
0.262828	-39563
0.263827	-39710.5
0.264826	-39858.1
0.265826	-40005.6
0.266825	-40153.1
0.267824	-40300.6
0.268824	-40448.1
0.269823	-40595.6
0.270822	-40743.1
0.271822	-40890.6
0.272821	-41038.1
0.27382	-41185.6
0.27482	-41333.1
0.275819	-41480.6
0.276818	-41628.1
0.277818	-41775.6
0.278817	-41923.1
0.279816	-42070.6
0.280816	-42218.1
0.281815	-42365.6
0.282814	-42513.1
0.283814	-42660.6
0.284813	-42808.1
0.285812	-42955.6
0.286812	-43103.1
0.287811	-43250.6
0.288811	-43398.1
0.28981	-43545.5
0.290809	-43693
0.291809	-43840.4
0.292808	-43987.8
0.293807	-44135.1
0.294807	-44282.4
0.295806	-44429.6
0.296805	-44576.7
0.297805	-44723.6
0.298804	-44870.3
0.299803	-45016.7
0.300803	-45162.6
0.301802	-45307.3
0.302801	-45450.6
0.303801	-45623.4
0.3048	-45846.7
)
