(title "Static Pressure")
(labels "Position" "Static Pressure")

((xy/key/label "line-center-axis")
0	-7927.66
0.000199216	-1903.58
0.000398431	620.728
0.000597647	250.014
0.000796863	-475.392
0.000996078	-1292.78
0.00119529	-2147.69
0.00139451	-3069.95
0.00159373	-4043.31
0.00179294	-5022.12
0.00199216	-6000.01
0.00219137	-6963.76
0.00239059	-7937.02
0.0025898	-8948.93
0.00278902	-9967.5
0.00298824	-10981.4
0.00318745	-12003.1
0.00338667	-13023.8
0.00358588	-14032
0.0037851	-15033.2
0.00398431	-16007.1
0.00418353	-16981.6
0.00438274	-17968.6
0.00458196	-18927
0.00478118	-19878.8
0.00498039	-20836.9
0.00517961	-21811.8
0.00537882	-22800.1
0.00557804	-23763.3
0.00577725	-24730.7
0.00597647	-25714.4
0.00617569	-26686.7
0.0063749	-27619.4
0.00657412	-28518.3
0.00677333	-29436.9
0.00697255	-30343.5
0.00717176	-31237.6
0.00737098	-32177.2
0.0075702	-33131.7
0.00776941	-34082.8
0.00796863	-35032
0.00816784	-35982.1
0.00836706	-36905.9
0.00856627	-37819.8
0.00876549	-38776.4
0.00896471	-39709.7
0.00916392	-40617.7
0.00936314	-41574.2
0.00956235	-42468.5
0.00976157	-43308.3
0.00996078	-44219.2
0.01016	-45111.1
0.0103592	-45981.9
0.0105584	-46897.6
0.0107576	-47773.4
0.0109569	-48611.9
0.0111561	-49516.8
0.0113553	-50484.7
0.0115545	-51426.8
0.0117537	-52334.8
0.0119529	-53246
0.0121522	-54172.3
0.0123514	-55094.3
0.0125506	-55971
0.0127498	-56820.4
0.012949	-57652.6
0.0131482	-58506.6
0.0133475	-59376.8
0.0135467	-60209
0.0137459	-61088.2
0.0139451	-61958.2
0.0141443	-62786.8
0.0143435	-63683
0.0145427	-64650.3
0.014742	-65564.7
0.0149412	-66417.5
0.0151404	-67244.1
0.0153396	-68067.7
0.0155388	-69006.8
0.015738	-69947.9
0.0159373	-70823.7
0.0161365	-71628.9
0.0163357	-72467.1
0.0165349	-73373.5
0.0167341	-74274.8
0.0169333	-75122.8
0.0171325	-75959.6
0.0173318	-76893.1
0.017531	-77905.1
0.0177302	-78834.5
0.0179294	-79645.1
0.0181286	-80515.5
0.0183278	-81377.8
0.0185271	-82224.4
0.0187263	-83104.6
0.0189255	-83975.8
0.0191247	-84846.7
0.0193239	-85796.2
0.0195231	-86692.3
0.0197224	-87539.3
0.0199216	-88471.1
0.0199216	-88471.1
0.0201208	-89372.4
0.02032	-90217.7
0.0205192	-91112.5
0.0207184	-92060.5
0.0209176	-92959.2
0.0211169	-93860.4
0.0213161	-94726.5
0.0213161	-94726.5
0.0215153	-95586.7
0.0217145	-96450.8
0.0217145	-96450.8
0.0219137	-97289.4
0.0221129	-98192.5
0.0223122	-99121.2
0.0225114	-100035
0.0227106	-100897
0.0229098	-101728
0.023109	-102572
0.0233082	-103498
0.0235074	-104495
0.0237067	-105405
0.0239059	-106254
0.0241051	-107125
0.0243043	-108012
0.0245035	-108882
0.0247027	-109806
0.024902	-110725
0.0251012	-111593
0.0253004	-112475
0.0254996	-113340
0.0256988	-114085
0.025898	-114815
0.0260973	-115677
0.0262965	-116566
0.0264957	-117460
0.0266949	-118313
0.0268941	-119137
0.0270933	-120022
0.0272925	-120950
0.0274918	-121786
0.027691	-122614
0.0278902	-123472
0.0280894	-124337
0.0282886	-125270
0.0284878	-126169
0.0286871	-127021
0.0288863	-127836
0.0290855	-128701
0.0290855	-128701
0.0292847	-129688
0.0294839	-130618
0.0296831	-131527
0.0298824	-132444
0.0300816	-133261
0.0302808	-134125
0.03048	-134943
0.0306792	-135711
0.0308784	-136563
0.0310776	-137475
0.0312769	-138378
0.0314761	-139237
0.0316753	-140094
0.0318745	-140993
0.0320737	-141899
0.0322729	-142736
0.0324722	-143651
0.0326714	-144589
0.0328706	-145454
0.0330698	-146338
0.033269	-147212
0.0334682	-148052
0.0336674	-148964
0.0338667	-149897
0.0340659	-150771
0.0342651	-151573
0.0344643	-152344
0.0346635	-153151
0.0348627	-154008
0.035062	-154909
0.0352612	-155743
0.0354604	-156635
0.0356596	-157545
0.0358588	-158418
0.036058	-159343
0.0362573	-160154
0.0364565	-160954
0.0366557	-161858
0.0368549	-162790
0.0370541	-163650
0.0372533	-164511
0.0374525	-165432
0.0376518	-166271
0.037851	-167087
0.0380502	-168072
0.0382494	-169004
0.0384486	-169896
0.0386478	-170881
0.0388471	-171699
0.0390463	-172489
0.0392455	-173427
0.0394447	-174465
0.0396439	-175380
0.0398431	-176208
0.0400423	-177053
0.0402416	-177853
0.0404408	-178647
0.04064	-179470
0.0408392	-180220
0.0410384	-180995
0.0412376	-181914
0.0414369	-182842
0.0416361	-183718
0.0418353	-184588
0.0420345	-185391
0.0422337	-186126
0.0424329	-187046
0.0426322	-187981
0.0428314	-188856
0.0430306	-189707
0.0432298	-190520
0.043429	-191363
0.0436282	-192275
0.0438275	-193269
0.0440267	-194201
0.0442259	-195074
0.0444251	-195892
0.0446243	-196652
0.0448235	-197460
0.0450227	-198334
0.045222	-199177
0.0454212	-200115
0.0456204	-201038
0.0458196	-201827
0.0460188	-202645
0.046218	-203439
0.0464173	-204342
0.0466165	-205259
0.0468157	-205929
0.0470149	-206530
0.0472141	-207339
0.0474133	-208274
0.0476125	-209066
0.0478118	-209804
0.048011	-210495
0.0482102	-211104
0.0484094	-211673
0.0486086	-212084
0.0488078	-212459
0.0490071	-212871
0.0492063	-213307
0.0494055	-213757
0.0496047	-214231
0.0498039	-215037
0.0500031	-216284
0.0502024	-217772
0.0504016	-219257
0.0506008	-221379
0.0508	-225375
0.0508	-225112
)
