(title "Static Pressure")
(labels "Position" "Static Pressure")

((xy/key/label "line-center-axis")
0	-11.1895
0.0005	1.51678
0.001	-0.843637
0.0015	-10.1077
0.002	-19.3108
0.0025	-27.7926
0.003	-35.4198
0.0035	-42.1657
0.004	-47.9271
0.0045	-53.7148
0.005	-60.1597
0.0055	-66.6114
0.006	-72.5181
0.0065	-77.9009
0.007	-82.8833
0.0075	-87.5975
0.008	-92.672
0.0085	-97.7567
0.009	-102.45
0.0095	-107.276
0.01	-111.933
0.0105	-116.339
0.011	-120.891
0.0115	-125.957
0.012	-131.61
0.0125	-137.141
0.013	-142.784
0.0135	-148.764
0.014	-154.46
0.0145	-159.669
0.015	-164.207
0.0155	-168.483
0.016	-172.719
0.0165	-177.32
0.017	-182.365
0.0175	-187.018
0.018	-191.661
0.0185	-195.656
0.019	-199.32
0.0195	-203.427
0.02	-207.53
0.0205	-211.9
0.021	-216.478
0.0215	-220.94
0.022	-225.083
0.0225	-228.961
0.023	-233.133
0.0235	-237.583
0.024	-241.501
0.0245	-244.679
0.025	-247.967
0.0255	-251.965
0.026	-255.987
0.0265	-259.745
0.027	-263.835
0.0275	-267.888
0.028	-271.625
0.0285	-275.231
0.029	-279.149
0.0295	-283.126
0.03	-287.05
0.0305	-291.256
0.031	-295.412
0.0315	-299.422
0.032	-303.693
0.0325	-308.205
0.033	-312.386
0.0335	-316.787
0.034	-320.975
0.0345	-324.735
0.035	-328.808
0.0355	-333.052
0.036	-337.43
0.0365	-341.878
0.037	-345.76
0.0375	-349.618
0.038	-353.713
0.0385	-357.551
0.039	-361.788
0.0395	-366.356
0.04	-370.778
0.0405	-374.582
0.041	-378.231
0.0415	-382.334
0.042	-386.246
0.0425	-390.176
0.043	-394.574
0.0435	-398.736
0.044	-402.567
0.0445	-406.608
0.045	-410.394
0.0455	-414.084
0.046	-418.141
0.046	-418.141
0.0465	-422.195
0.047	-426.027
0.0475	-429.842
0.048	-433.542
0.0485	-437.298
0.049	-441.424
0.0495	-445.477
0.05	-449.428
0.0505	-453.599
0.051	-457.702
0.0515	-461.799
0.052	-465.818
0.0525	-469.431
0.053	-473.224
0.0535	-477.036
0.054	-480.598
0.0545	-484.339
0.055	-488.325
0.0555	-492.485
0.056	-496.476
0.0565	-500.256
0.057	-504.134
0.0575	-508.163
0.058	-512.084
0.0585	-515.91
0.059	-519.872
0.0595	-523.795
0.06	-527.482
0.0605	-531.143
0.061	-534.977
0.0615	-538.939
0.062	-542.926
0.0625	-546.82
0.063	-550.81
0.0635	-554.819
0.064	-558.705
0.0645	-562.852
0.065	-567.111
0.0655	-571.038
0.066	-574.886
0.0665	-578.753
0.067	-582.61
0.0675	-586.412
0.068	-590.085
0.0685	-593.847
0.069	-597.634
0.0695	-601.396
0.07	-605.295
0.0705	-609.401
0.071	-613.404
0.0715	-617.145
0.072	-620.848
0.0725	-624.546
0.073	-628.251
0.0735	-632.089
0.074	-636.011
0.0745	-639.862
0.075	-643.647
0.0755	-647.494
0.076	-651.473
0.0765	-655.38
0.077	-659.114
0.0775	-662.916
0.078	-666.762
0.0785	-670.622
0.079	-674.503
0.0795	-678.267
0.08	-681.905
0.0805	-685.605
0.081	-689.508
0.0815	-693.433
0.082	-697.292
0.0825	-701.078
0.083	-704.859
0.0835	-708.632
0.084	-712.335
0.0845	-716.043
0.085	-719.8
0.0855	-723.511
0.086	-727.192
0.0865	-730.966
0.087	-734.69
0.0875	-738.416
0.088	-742.099
0.0885	-745.616
0.089	-749.329
0.0895	-753.141
0.09	-756.872
0.0905	-760.614
0.091	-764.317
0.0915	-768.124
0.092	-771.926
0.0925	-775.491
0.093	-779.031
0.0935	-782.72
0.094	-786.449
0.0945	-790.165
0.095	-793.95
0.0955	-797.75
0.096	-801.622
0.0965	-805.571
0.097	-809.41
0.0975	-813.098
0.098	-816.763
0.0985	-820.502
0.099	-824.253
0.0995	-828.01
0.1	-831.759
0.1005	-835.531
0.101	-839.397
0.1015	-843.228
0.102	-847.105
0.1025	-851.023
0.103	-854.772
0.1035	-858.534
0.104	-862.353
0.1045	-866.073
0.105	-869.862
0.1055	-873.622
0.106	-877.318
0.1065	-881.025
0.107	-884.714
0.1075	-888.4
0.108	-892.061
0.1085	-895.746
0.109	-899.449
0.1095	-903.192
0.11	-906.934
0.1105	-910.702
0.111	-914.411
0.1115	-918.073
0.112	-921.803
0.1125	-925.544
0.113	-929.372
0.1135	-933.234
0.114	-937.049
0.1145	-940.748
0.115	-944.396
0.1155	-948.079
0.116	-951.781
0.1165	-955.554
0.117	-959.286
0.1175	-962.983
0.118	-966.696
0.1185	-970.335
0.119	-974.019
0.1195	-977.749
0.12	-981.418
0.1205	-985.073
0.121	-988.772
0.1215	-992.502
0.122	-996.241
0.1225	-999.987
0.123	-1003.66
0.1235	-1007.34
0.124	-1011.1
0.1245	-1014.91
0.125	-1018.65
0.1255	-1022.42
0.126	-1026.26
0.1265	-1030.01
0.127	-1033.73
0.1275	-1037.49
0.128	-1041.26
0.1285	-1045.1
0.129	-1048.89
0.1295	-1052.67
0.13	-1056.48
0.1305	-1060.31
0.131	-1064.16
0.1315	-1067.96
0.132	-1071.82
0.1325	-1075.71
0.1325	-1075.71
0.133	-1079.59
0.1335	-1083.55
0.134	-1087.47
0.1345	-1091.18
0.135	-1094.79
0.1355	-1098.36
0.136	-1101.91
0.1365	-1105.53
0.137	-1109.25
0.1375	-1112.92
0.138	-1116.63
0.1385	-1120.4
0.139	-1124.11
0.1395	-1127.81
0.14	-1131.5
0.1405	-1135.18
0.141	-1138.9
0.1415	-1142.6
0.142	-1146.28
0.1425	-1150.03
0.143	-1153.77
0.1435	-1157.5
0.144	-1161.21
0.1445	-1164.79
0.145	-1168.29
0.1455	-1171.84
0.146	-1175.34
0.1465	-1178.88
0.147	-1182.55
0.1475	-1186.22
0.148	-1189.86
0.1485	-1193.58
0.149	-1197.28
0.1495	-1201
0.15	-1204.75
0.1505	-1208.51
0.151	-1212.31
0.1515	-1216.12
0.152	-1219.91
0.1525	-1223.68
0.153	-1227.43
0.1535	-1231.16
0.154	-1234.87
0.1545	-1238.47
0.155	-1241.99
0.1555	-1245.53
0.156	-1249.07
0.1565	-1252.63
0.157	-1256.2
0.1575	-1259.8
0.158	-1263.46
0.1585	-1267.08
0.159	-1270.69
0.1595	-1274.33
0.16	-1277.98
0.1605	-1281.66
0.161	-1285.39
0.1615	-1289.14
0.162	-1292.87
0.1625	-1296.64
0.163	-1300.43
0.1635	-1304.15
0.164	-1307.9
0.1645	-1311.62
0.165	-1315.33
0.1655	-1319
0.166	-1322.64
0.1665	-1326.25
0.167	-1329.88
0.1675	-1333.55
0.168	-1337.21
0.1685	-1340.89
0.169	-1344.61
0.1695	-1348.32
0.17	-1351.98
0.1705	-1355.6
0.171	-1359.23
0.1715	-1362.89
0.172	-1366.59
0.1725	-1370.32
0.173	-1374.09
0.1735	-1377.87
0.174	-1381.6
0.1745	-1385.29
0.175	-1388.93
0.1755	-1392.54
0.176	-1396.12
0.1765	-1399.67
0.177	-1403.22
0.1775	-1406.81
0.178	-1410.41
0.1785	-1414.09
0.179	-1417.76
0.1795	-1421.4
0.18	-1425.08
0.1805	-1428.75
0.181	-1432.4
0.1815	-1436
0.182	-1439.67
0.1825	-1443.36
0.183	-1447
0.1835	-1450.65
0.184	-1454.3
0.1845	-1457.98
0.185	-1461.67
0.1855	-1465.35
0.186	-1468.98
0.1865	-1472.57
0.187	-1476.19
0.1875	-1479.78
0.188	-1483.39
0.1885	-1487.06
0.189	-1490.74
0.1895	-1494.33
0.19	-1497.96
0.1905	-1501.65
0.191	-1505.23
0.1915	-1508.75
0.192	-1512.31
0.1925	-1515.91
0.193	-1519.52
0.1935	-1523.19
0.194	-1526.87
0.1945	-1530.56
0.195	-1534.25
0.1955	-1537.86
0.196	-1541.5
0.1965	-1545.22
0.197	-1548.89
0.1975	-1552.51
0.198	-1556.14
0.1985	-1559.79
0.199	-1563.42
0.1995	-1567.04
0.2	-1570.73
0.2005	-1574.38
0.201	-1578.01
0.2015	-1581.59
0.202	-1585.19
0.2025	-1588.93
0.203	-1592.67
0.2035	-1596.3
0.204	-1599.94
0.2045	-1603.61
0.205	-1607.27
0.2055	-1610.85
0.206	-1614.45
0.2065	-1618.06
0.207	-1621.66
0.2075	-1625.23
0.208	-1628.79
0.2085	-1632.43
0.209	-1636.07
0.2095	-1639.68
0.21	-1643.26
0.2105	-1646.84
0.211	-1650.47
0.2115	-1654.08
0.212	-1657.68
0.2125	-1661.26
0.213	-1664.85
0.2135	-1668.45
0.214	-1672.07
0.2145	-1675.72
0.215	-1679.38
0.2155	-1683.1
0.216	-1686.74
0.2165	-1690.28
0.217	-1693.89
0.2175	-1697.57
0.218	-1701.13
0.2185	-1704.71
0.219	-1708.38
0.2195	-1712.04
0.22	-1715.74
0.2205	-1719.35
0.221	-1722.91
0.2215	-1726.48
0.222	-1730.05
0.2225	-1733.69
0.223	-1737.27
0.2235	-1740.83
0.2235	-1740.83
0.224	-1744.37
0.2245	-1747.91
0.225	-1751.52
0.2255	-1755.12
0.226	-1758.75
0.2265	-1762.42
0.227	-1765.99
0.2275	-1769.58
0.228	-1773.22
0.2285	-1776.81
0.229	-1780.49
0.2295	-1784.22
0.23	-1787.86
0.2305	-1791.39
0.231	-1794.99
0.2315	-1798.57
0.232	-1802.01
0.2325	-1805.57
0.233	-1809.27
0.2335	-1812.87
0.234	-1816.41
0.2345	-1819.97
0.235	-1823.56
0.2355	-1827.27
0.236	-1830.94
0.2365	-1834.54
0.237	-1838.12
0.2375	-1841.71
0.238	-1845.25
0.2385	-1848.71
0.239	-1852.21
0.2395	-1855.8
0.24	-1859.38
0.2405	-1862.75
0.241	-1866.12
0.2415	-1869.57
0.242	-1872.93
0.2425	-1876.33
0.243	-1879.91
0.2435	-1883.41
0.244	-1886.81
0.2445	-1890.24
0.245	-1893.65
0.2455	-1896.9
0.246	-1900.08
0.2465	-1903.25
0.247	-1906.46
0.2475	-1909.84
0.248	-1913.17
0.2485	-1916.41
0.249	-1919.64
0.2495	-1922.89
0.25	-1926.06
0.2505	-1929.21
0.251	-1932.32
0.2515	-1935.08
0.252	-1937.35
0.2525	-1938.76
0.253	-1938.88
0.2535	-1933.6
0.254	-1927.26
)
