(title "Static Pressure")
(labels "Position" "Static Pressure")

((xy/key/label "line-center-axis")
0	30.4538
0.0005	-24.487
0.001	-76.8232
0.0015	-132.233
0.002	-187.884
0.0025	-243.7
0.003	-299.921
0.0035	-356.544
0.004	-413.498
0.0045	-470.502
0.005	-527.475
0.0055	-584.478
0.006	-641.406
0.0065	-698.297
0.007	-755.175
0.0075	-812.032
0.008	-868.664
0.0085	-925.025
0.009	-981.317
0.0095	-1037.49
0.01	-1093.58
0.0105	-1149.53
0.011	-1205.36
0.0115	-1261.09
0.012	-1316.71
0.0125	-1372.26
0.013	-1427.67
0.0135	-1482.95
0.014	-1538.18
0.0145	-1593.35
0.015	-1648.44
0.0155	-1703.57
0.016	-1758.63
0.0165	-1813.65
0.017	-1868.58
0.0175	-1923.41
0.018	-1978.28
0.0185	-2033.12
0.019	-2087.92
0.0195	-2142.77
0.02	-2197.62
0.0205	-2252.41
0.021	-2307.07
0.0215	-2361.64
0.022	-2416.28
0.0225	-2471.03
0.023	-2525.68
0.0235	-2580.25
0.024	-2634.88
0.0245	-2689.51
0.025	-2744.28
0.0255	-2798.98
0.026	-2853.55
0.0265	-2908.12
0.027	-2962.7
0.0275	-3017.36
0.028	-3071.94
0.0285	-3126.56
0.029	-3181.17
0.0295	-3235.77
0.03	-3290.38
0.0305	-3344.94
0.031	-3399.6
0.0315	-3454.25
0.032	-3508.8
0.0325	-3563.32
0.033	-3617.94
0.0335	-3672.53
0.034	-3727.1
0.0345	-3781.85
0.035	-3836.54
0.0355	-3891.14
0.036	-3945.75
0.0365	-4000.39
0.037	-4055.1
0.0375	-4109.69
0.038	-4164.24
0.0385	-4218.9
0.039	-4273.46
0.0395	-4328.01
0.04	-4382.6
0.0405	-4437.19
0.041	-4491.87
0.0415	-4546.45
0.042	-4600.99
0.0425	-4655.64
0.043	-4710.19
0.0435	-4764.73
0.044	-4819.39
0.0445	-4874.01
0.045	-4928.72
0.0455	-4983.39
0.046	-5037.97
0.046	-5037.97
0.0465	-5092.55
0.047	-5147.22
0.0475	-5201.96
0.048	-5256.72
0.0485	-5311.33
0.049	-5365.91
0.0495	-5420.67
0.05	-5475.36
0.0505	-5529.94
0.051	-5584.52
0.0515	-5639.12
0.052	-5693.81
0.0525	-5748.52
0.053	-5803.19
0.0535	-5857.85
0.054	-5912.56
0.0545	-5967.24
0.055	-6021.87
0.0555	-6076.47
0.056	-6131.09
0.0565	-6185.71
0.057	-6240.41
0.0575	-6295.11
0.058	-6349.76
0.0585	-6404.4
0.059	-6458.98
0.0595	-6513.59
0.06	-6568.19
0.0605	-6622.79
0.061	-6677.47
0.0615	-6732.08
0.062	-6786.66
0.0625	-6841.3
0.063	-6895.92
0.0635	-6950.6
0.064	-7005.38
0.0645	-7060.1
0.065	-7114.72
0.0655	-7169.27
0.066	-7223.85
0.0665	-7278.49
0.067	-7333.16
0.0675	-7387.91
0.068	-7442.71
0.0685	-7497.44
0.069	-7552.11
0.0695	-7606.79
0.07	-7661.52
0.0705	-7716.25
0.071	-7770.94
0.0715	-7825.62
0.072	-7880.32
0.0725	-7935.08
0.073	-7989.8
0.0735	-8044.48
0.074	-8099.2
0.0745	-8153.89
0.075	-8208.54
0.0755	-8263.16
0.076	-8317.72
0.0765	-8372.27
0.077	-8426.94
0.0775	-8481.61
0.078	-8536.25
0.0785	-8590.98
0.079	-8645.66
0.0795	-8700.32
0.08	-8755.05
0.0805	-8809.73
0.081	-8864.42
0.0815	-8919.21
0.082	-8973.85
0.0825	-9028.36
0.083	-9082.97
0.0835	-9137.66
0.084	-9192.35
0.0845	-9247.05
0.085	-9301.74
0.0855	-9356.47
0.086	-9411.17
0.0865	-9465.83
0.087	-9520.53
0.0875	-9575.18
0.088	-9629.78
0.0885	-9684.46
0.089	-9739.09
0.0895	-9793.69
0.09	-9848.37
0.0905	-9903.08
0.091	-9957.75
0.0915	-10012.4
0.092	-10067
0.0925	-10121.7
0.093	-10176.3
0.0935	-10231
0.094	-10285.7
0.0945	-10340.4
0.095	-10395.1
0.0955	-10449.9
0.096	-10504.5
0.0965	-10559.1
0.097	-10613.7
0.0975	-10668.3
0.098	-10723
0.0985	-10777.7
0.099	-10832.4
0.0995	-10887
0.1	-10941.7
0.1005	-10996.5
0.101	-11051.2
0.1015	-11106
0.102	-11160.7
0.1025	-11215.4
0.103	-11270
0.1035	-11324.7
0.104	-11379.4
0.1045	-11434.1
0.105	-11488.7
0.1055	-11543.4
0.106	-11598.1
0.1065	-11652.9
0.107	-11707.6
0.1075	-11762.4
0.108	-11817.1
0.1085	-11871.9
0.109	-11926.6
0.1095	-11981.1
0.11	-12035.8
0.1105	-12090.6
0.111	-12145.4
0.1115	-12200.1
0.112	-12254.9
0.1125	-12309.7
0.113	-12364.2
0.1135	-12418.8
0.114	-12473.5
0.1145	-12528.2
0.115	-12582.9
0.1155	-12637.5
0.116	-12692.2
0.1165	-12746.8
0.117	-12801.5
0.1175	-12856.3
0.118	-12911.1
0.1185	-12965.8
0.119	-13020.4
0.1195	-13075
0.12	-13129.7
0.1205	-13184.4
0.121	-13239.2
0.1215	-13293.9
0.122	-13348.6
0.1225	-13403.4
0.123	-13458.2
0.1235	-13512.8
0.124	-13567.4
0.1245	-13622.1
0.125	-13676.8
0.1255	-13731.5
0.126	-13786.3
0.1265	-13841.2
0.127	-13895.9
0.1275	-13950.7
0.128	-14005.4
0.1285	-14060
0.129	-14114.8
0.1295	-14169.4
0.13	-14224.2
0.1305	-14279
0.131	-14333.7
0.1315	-14388.3
0.132	-14443.1
0.1325	-14497.8
0.1325	-14497.8
0.133	-14552.3
0.1335	-14606.9
0.134	-14661.5
0.1345	-14716.2
0.135	-14770.9
0.1355	-14825.6
0.136	-14880.3
0.1365	-14934.9
0.137	-14989.6
0.1375	-15044.3
0.138	-15099.1
0.1385	-15153.7
0.139	-15208.3
0.1395	-15263
0.14	-15317.8
0.1405	-15372.6
0.141	-15427.2
0.1415	-15481.8
0.142	-15536.4
0.1425	-15591.1
0.143	-15645.8
0.1435	-15700.6
0.144	-15755.3
0.1445	-15810
0.145	-15864.7
0.1455	-15919.5
0.146	-15974.3
0.1465	-16029.1
0.147	-16083.9
0.1475	-16138.6
0.148	-16193.4
0.1485	-16248.2
0.149	-16303
0.1495	-16357.7
0.15	-16412.4
0.1505	-16467.1
0.151	-16521.8
0.1515	-16576.6
0.152	-16631.3
0.1525	-16686
0.153	-16740.7
0.1535	-16795.3
0.154	-16850
0.1545	-16904.7
0.155	-16959.5
0.1555	-17014.3
0.156	-17069.1
0.1565	-17123.8
0.157	-17178.5
0.1575	-17233.2
0.158	-17287.9
0.1585	-17342.6
0.159	-17397.3
0.1595	-17452.1
0.16	-17506.9
0.1605	-17561.6
0.161	-17616.2
0.1615	-17671
0.162	-17725.8
0.1625	-17780.6
0.163	-17835.3
0.1635	-17890
0.164	-17944.6
0.1645	-17999.2
0.165	-18053.9
0.1655	-18108.7
0.166	-18163.4
0.1665	-18218.1
0.167	-18272.7
0.1675	-18327.3
0.168	-18382.1
0.1685	-18436.7
0.169	-18491.4
0.1695	-18546
0.17	-18600.7
0.1705	-18655.4
0.171	-18710.2
0.1715	-18764.9
0.172	-18819.6
0.1725	-18874.3
0.173	-18929.1
0.1735	-18983.9
0.174	-19038.6
0.1745	-19093.2
0.175	-19147.9
0.1755	-19202.6
0.176	-19257.2
0.1765	-19311.9
0.177	-19366.7
0.1775	-19421.5
0.178	-19476.2
0.1785	-19530.9
0.179	-19585.6
0.1795	-19640.3
0.18	-19695
0.1805	-19749.7
0.181	-19804.5
0.1815	-19859.2
0.182	-19913.9
0.1825	-19968.7
0.183	-20023.4
0.1835	-20078.1
0.184	-20132.8
0.1845	-20187.5
0.185	-20242.2
0.1855	-20297
0.186	-20351.7
0.1865	-20406.4
0.187	-20461.1
0.1875	-20515.8
0.188	-20570.6
0.1885	-20625.4
0.189	-20680.2
0.1895	-20734.8
0.19	-20789.5
0.1905	-20844.2
0.191	-20899
0.1915	-20953.7
0.192	-21008.4
0.1925	-21063.2
0.193	-21117.9
0.1935	-21172.7
0.194	-21227.4
0.1945	-21282.1
0.195	-21336.8
0.1955	-21391.5
0.196	-21446.2
0.1965	-21501
0.197	-21555.6
0.1975	-21610.3
0.198	-21665
0.1985	-21719.7
0.199	-21774.3
0.1995	-21828.9
0.2	-21883.8
0.2005	-21938.6
0.201	-21993.3
0.2015	-22048
0.202	-22102.8
0.2025	-22157.5
0.203	-22212.3
0.2035	-22267
0.204	-22321.6
0.2045	-22376.3
0.205	-22431.1
0.2055	-22485.8
0.206	-22540.4
0.2065	-22595.1
0.207	-22649.8
0.2075	-22704.4
0.208	-22759.2
0.2085	-22814
0.209	-22868.7
0.2095	-22923.5
0.21	-22978.2
0.2105	-23032.8
0.211	-23087.5
0.2115	-23142.3
0.212	-23197
0.2125	-23251.9
0.213	-23306.7
0.2135	-23361.4
0.214	-23416.1
0.2145	-23470.9
0.215	-23525.6
0.2155	-23580.4
0.216	-23635.1
0.2165	-23689.7
0.217	-23744.4
0.2175	-23799.2
0.218	-23854
0.2185	-23908.6
0.219	-23963.4
0.2195	-24018.2
0.22	-24073
0.2205	-24127.8
0.221	-24182.5
0.2215	-24237.1
0.222	-24291.8
0.2225	-24346.6
0.223	-24401.2
0.2235	-24455.9
0.2235	-24455.9
0.224	-24510.6
0.2245	-24565.2
0.225	-24620
0.2255	-24674.7
0.226	-24729.4
0.2265	-24784
0.227	-24838.8
0.2275	-24893.7
0.228	-24948.5
0.2285	-25003.2
0.229	-25057.9
0.2295	-25112.5
0.23	-25167.2
0.2305	-25221.9
0.231	-25276.6
0.2315	-25331.4
0.232	-25386.2
0.2325	-25440.9
0.233	-25495.7
0.2335	-25550.4
0.234	-25605
0.2345	-25659.7
0.235	-25714.4
0.2355	-25769.2
0.236	-25823.9
0.2365	-25878.6
0.237	-25933.2
0.2375	-25987.9
0.238	-26042.7
0.2385	-26097.5
0.239	-26152.1
0.2395	-26206.8
0.24	-26261.4
0.2405	-26315.9
0.241	-26370.6
0.2415	-26425.3
0.242	-26480
0.2425	-26534.5
0.243	-26589.1
0.2435	-26643.6
0.244	-26698.1
0.2445	-26752.6
0.245	-26807
0.2455	-26861.3
0.246	-26915.6
0.2465	-26969.8
0.247	-27023.9
0.2475	-27078
0.248	-27131.9
0.2485	-27185.6
0.249	-27239.1
0.2495	-27292.4
0.25	-27345.2
0.2505	-27397.8
0.251	-27449.9
0.2515	-27501.5
0.252	-27552.4
0.2525	-27602.7
0.253	-27652.1
0.2535	-27697
0.254	-27737.3
)
