(title "Static Pressure")
(labels "Position" "Static Pressure")

((xy/key/label "axis-porous")
0	4.11765
8.46667e-05	-8.2356
0.000169333	-24.7067
0.000254	-41.1778
0.000338667	-57.649
0.000423333	-74.1202
0.000508	-90.5915
0.000592667	-107.063
0.000677333	-123.534
0.000762	-140.006
0.000846667	-156.477
0.000931333	-172.949
0.001016	-189.42
0.00110067	-205.892
0.00118533	-222.364
0.00127	-238.835
0.00135467	-255.307
0.00143933	-271.779
0.001524	-288.25
0.00160867	-304.722
0.00169333	-321.194
0.001778	-337.666
0.00186267	-354.138
0.00194733	-370.609
0.002032	-387.081
0.00211667	-403.553
0.00220133	-420.025
0.002286	-436.497
0.00237067	-452.969
0.00245533	-469.44
0.00254	-485.912
0.00262467	-502.384
0.00270933	-518.856
0.002794	-535.328
0.00287867	-551.8
0.00296333	-568.271
0.003048	-584.743
0.00313267	-601.215
0.00321733	-617.687
0.003302	-634.158
0.00338667	-650.63
0.00347133	-667.102
0.003556	-683.573
0.00364067	-700.045
0.00372533	-716.516
0.00381	-732.988
0.00389467	-749.46
0.00397933	-765.931
0.004064	-782.402
0.00414867	-798.874
0.00423333	-815.345
0.004318	-831.817
0.00440267	-848.288
0.00448733	-864.759
0.004572	-881.23
0.00465667	-897.702
0.00474133	-914.173
0.004826	-930.644
0.00491067	-947.115
0.00499533	-963.586
0.00508	-980.057
0.00516467	-996.528
0.00524933	-1013
0.005334	-1029.47
0.00541867	-1045.94
0.00550333	-1062.41
0.005588	-1078.88
0.00567267	-1095.35
0.00575733	-1111.82
0.005842	-1128.29
0.00592667	-1144.77
0.00601133	-1161.24
0.006096	-1177.71
0.00618067	-1194.18
0.00626533	-1210.65
0.00635	-1227.12
0.00643467	-1243.59
0.00651933	-1260.06
0.006604	-1276.53
0.00668867	-1293
0.00677333	-1309.47
0.006858	-1325.94
0.00694267	-1342.41
0.00702733	-1358.88
0.007112	-1375.35
0.00719667	-1391.82
0.00728133	-1408.29
0.007366	-1424.76
0.00745067	-1441.23
0.00753533	-1457.7
0.00762	-1474.17
0.00770467	-1490.64
0.00778933	-1507.11
0.007874	-1523.58
0.00795867	-1540.05
0.00804333	-1556.52
0.008128	-1572.99
0.00821267	-1589.46
0.00829733	-1605.93
0.008382	-1622.4
0.00846667	-1638.87
0.00855133	-1655.34
0.008636	-1671.81
0.00872067	-1688.28
0.00880533	-1704.75
0.00889	-1721.22
0.00897467	-1737.69
0.00905933	-1754.16
0.009144	-1770.63
0.00922867	-1787.1
0.00931333	-1803.57
0.009398	-1820.04
0.00948267	-1836.5
0.00956733	-1852.97
0.009652	-1869.44
0.00973667	-1885.91
0.00982133	-1902.38
0.009906	-1918.85
0.00999067	-1935.32
0.0100753	-1951.79
0.01016	-1968.26
0.0102447	-1984.73
0.0103293	-2001.2
0.010414	-2017.67
0.0104987	-2034.14
0.0104987	-2034.14
0.0105833	-2050.61
0.010668	-2067.08
0.0107527	-2083.55
0.0108373	-2100.01
0.010922	-2116.48
0.0110067	-2132.95
0.0110913	-2149.42
0.011176	-2165.89
0.0112607	-2182.36
0.0113453	-2198.83
0.01143	-2215.3
0.0115147	-2231.77
0.0115993	-2248.24
0.011684	-2264.71
0.0117687	-2281.18
0.0118533	-2297.65
0.011938	-2314.11
0.0120227	-2330.58
0.0121073	-2347.05
0.012192	-2363.52
0.0122767	-2379.99
0.0123613	-2396.46
0.012446	-2412.93
0.0125307	-2429.4
0.0126153	-2445.87
0.0127	-2462.34
0.0127847	-2478.81
0.0128693	-2495.28
0.012954	-2511.74
0.0130387	-2528.21
0.0131233	-2544.68
0.013208	-2561.15
0.0132927	-2577.62
0.0133773	-2594.09
0.013462	-2610.56
0.0135467	-2627.03
0.0136313	-2643.5
0.013716	-2659.97
0.0138007	-2676.44
0.0138853	-2692.9
0.01397	-2709.37
0.0140547	-2725.84
0.0141393	-2742.31
0.014224	-2758.78
0.0143087	-2775.25
0.0143933	-2791.72
0.014478	-2808.19
0.0145627	-2824.66
0.0146473	-2841.13
0.014732	-2857.6
0.0148167	-2874.06
0.0149013	-2890.53
0.014986	-2907
0.0150707	-2923.47
0.0151553	-2939.94
0.01524	-2956.41
0.0153247	-2972.88
0.0154093	-2989.35
0.015494	-3005.82
0.0155787	-3022.29
0.0156633	-3038.75
0.015748	-3055.22
0.0158327	-3071.69
0.0159173	-3088.16
0.016002	-3104.63
0.0160867	-3121.1
0.0161713	-3137.57
0.016256	-3154.04
0.0163407	-3170.51
0.0164253	-3186.98
0.01651	-3203.44
0.0165947	-3219.91
0.0166793	-3236.38
0.016764	-3252.85
0.0168487	-3269.32
0.0169333	-3285.79
0.017018	-3302.26
0.0171027	-3318.73
0.0171873	-3335.2
0.017272	-3351.67
0.0173567	-3368.13
0.0174413	-3384.6
0.017526	-3401.07
0.0176107	-3417.54
0.0176953	-3434.01
0.01778	-3450.48
0.0178647	-3466.95
0.0179493	-3483.42
0.018034	-3499.89
0.0181187	-3516.36
0.0182033	-3532.82
0.018288	-3549.29
0.0183727	-3565.76
0.0184573	-3582.23
0.018542	-3598.7
0.0186267	-3615.17
0.0187113	-3631.64
0.018796	-3648.11
0.0188807	-3664.58
0.0189653	-3681.05
0.01905	-3697.51
0.0191347	-3713.98
0.0192193	-3730.45
0.019304	-3746.92
0.0193887	-3763.39
0.0194733	-3779.86
0.019558	-3796.33
0.0196427	-3812.8
0.0197273	-3829.27
0.019812	-3845.73
0.0198967	-3862.2
0.0199813	-3878.67
0.020066	-3895.14
0.0201507	-3911.61
0.0202353	-3928.08
0.02032	-3944.55
0.0204047	-3961.02
0.0204893	-3977.49
0.020574	-3993.96
0.0206587	-4010.42
0.0207433	-4026.89
0.020828	-4043.36
0.0209127	-4059.83
0.0209973	-4076.3
0.021082	-4092.77
0.0211667	-4109.24
0.0212513	-4125.71
0.021336	-4142.18
0.0214207	-4158.65
0.0215053	-4175.11
0.02159	-4191.58
0.0216747	-4208.05
0.0217593	-4224.52
0.021844	-4240.99
0.0219287	-4257.46
0.0220133	-4273.93
0.022098	-4290.4
0.0221827	-4306.87
0.0222673	-4323.33
0.022352	-4339.8
0.0224367	-4356.27
0.0225213	-4372.74
0.022606	-4389.21
0.0226907	-4405.68
0.0227753	-4422.15
0.02286	-4438.62
0.0229447	-4455.09
0.0230293	-4471.56
0.023114	-4488.02
0.0231987	-4504.49
0.0232833	-4520.96
0.023368	-4537.43
0.023368	-4537.43
0.0234527	-4553.9
0.0235373	-4570.37
0.023622	-4586.84
0.0237067	-4603.31
0.0237913	-4619.78
0.023876	-4636.25
0.0239607	-4652.71
0.0240453	-4669.18
0.02413	-4685.65
0.0242147	-4702.12
0.0242993	-4718.59
0.024384	-4735.06
0.0244687	-4751.53
0.0245533	-4768
0.024638	-4784.47
0.0247227	-4800.94
0.0248073	-4817.4
0.024892	-4833.87
0.0249767	-4850.34
0.0250613	-4866.81
0.025146	-4883.28
0.0252307	-4899.75
0.0253153	-4916.22
0.0254	-4932.69
0.0254847	-4949.16
0.0255693	-4965.62
0.025654	-4982.09
0.0257387	-4998.56
0.0258233	-5015.03
0.025908	-5031.5
0.0259927	-5047.97
0.0260773	-5064.44
0.026162	-5080.91
0.0262467	-5097.38
0.0263313	-5113.85
0.026416	-5130.31
0.0265007	-5146.78
0.0265853	-5163.25
0.02667	-5179.72
0.0267547	-5196.19
0.0268393	-5212.66
0.026924	-5229.13
0.0270087	-5245.6
0.0270933	-5262.07
0.027178	-5278.53
0.0272627	-5295
0.0273473	-5311.47
0.027432	-5327.94
0.0275167	-5344.41
0.0276013	-5360.88
0.027686	-5377.35
0.0277707	-5393.82
0.0278553	-5410.29
0.02794	-5426.76
0.0280247	-5443.22
0.0281093	-5459.69
0.028194	-5476.16
0.0282787	-5492.63
0.0283633	-5509.1
0.028448	-5525.57
0.0285327	-5542.04
0.0286173	-5558.51
0.028702	-5574.98
0.0287867	-5591.45
0.0288713	-5607.91
0.028956	-5624.38
0.0290407	-5640.85
0.0291253	-5657.32
0.02921	-5673.79
0.0292947	-5690.26
0.0293793	-5706.73
0.029464	-5723.2
0.0295487	-5739.67
0.0296333	-5756.13
0.029718	-5772.6
0.0298027	-5789.07
0.0298873	-5805.54
0.029972	-5822.01
0.0300567	-5838.48
0.0301413	-5854.95
0.030226	-5871.42
0.0303107	-5887.89
0.0303953	-5904.36
0.03048	-5920.82
0.0305647	-5937.29
0.0306493	-5953.76
0.030734	-5970.23
0.0308187	-5986.7
0.0309033	-6003.17
0.030988	-6019.64
0.0310727	-6036.11
0.0311573	-6052.58
0.031242	-6069.05
0.0313267	-6085.51
0.0314113	-6101.98
0.031496	-6118.45
0.0315807	-6134.92
0.0316653	-6151.39
0.03175	-6167.86
0.0318347	-6184.33
0.0319193	-6200.8
0.032004	-6217.27
0.0320887	-6233.74
0.0321733	-6250.2
0.032258	-6266.67
0.0323427	-6283.14
0.0324273	-6299.61
0.032512	-6316.08
0.0325967	-6332.55
0.0326813	-6349.02
0.032766	-6365.49
0.0328507	-6381.96
0.0329353	-6398.43
0.03302	-6414.89
0.0331047	-6431.36
0.0331893	-6447.83
0.033274	-6464.3
0.0333587	-6480.77
0.0334433	-6497.24
0.033528	-6513.71
0.0336127	-6530.18
0.0336973	-6546.65
0.033782	-6563.12
0.0338667	-6579.58
0.0339513	-6596.05
0.034036	-6612.52
0.0341207	-6628.99
0.0342053	-6645.46
0.03429	-6661.93
0.0343747	-6678.4
0.0344593	-6694.87
0.034544	-6711.34
0.0346287	-6727.81
0.0347133	-6744.27
0.034798	-6760.74
0.0348827	-6777.21
0.0349673	-6793.68
0.035052	-6810.15
0.0351367	-6826.62
0.0352213	-6843.09
0.035306	-6859.56
0.0353907	-6876.03
0.0354753	-6892.5
0.03556	-6908.97
0.0356447	-6925.43
0.0357293	-6941.9
0.035814	-6958.37
0.0358987	-6974.84
0.0359833	-6991.31
0.036068	-7007.78
0.0361527	-7024.25
0.0362373	-7040.72
0.036322	-7057.19
0.0364067	-7073.66
0.0364913	-7090.13
0.036576	-7106.59
0.0366607	-7123.06
0.0367453	-7139.53
0.03683	-7156
0.0369147	-7172.47
0.0369993	-7188.94
0.0369993	-7188.94
0.037084	-7205.41
0.0371687	-7221.88
0.0372533	-7238.35
0.037338	-7254.82
0.0374227	-7271.29
0.0375073	-7287.75
0.037592	-7304.22
0.0376767	-7320.69
0.0377613	-7337.16
0.037846	-7353.63
0.0379307	-7370.1
0.0380153	-7386.57
0.0381	-7403.04
0.0381847	-7419.51
0.0382693	-7435.98
0.038354	-7452.45
0.0384387	-7468.92
0.0385233	-7485.39
0.038608	-7501.86
0.0386927	-7518.32
0.0387773	-7534.79
0.038862	-7551.26
0.0389467	-7567.73
0.0390313	-7584.2
0.039116	-7600.67
0.0392007	-7617.14
0.0392853	-7633.61
0.03937	-7650.08
0.0394547	-7666.55
0.0395393	-7683.02
0.039624	-7699.49
0.0397087	-7715.96
0.0397933	-7732.43
0.039878	-7748.9
0.0399627	-7765.37
0.0400473	-7781.84
0.040132	-7798.31
0.0402167	-7814.77
0.0403013	-7831.24
0.040386	-7847.71
0.0404707	-7864.18
0.0405553	-7880.65
0.04064	-7897.12
0.0407247	-7913.59
0.0408093	-7930.06
0.040894	-7946.53
0.0409787	-7963
0.0410633	-7979.47
0.041148	-7995.94
0.0412327	-8012.41
0.0413173	-8028.88
0.041402	-8045.35
0.0414867	-8061.82
0.0415713	-8078.29
0.041656	-8094.76
0.0417407	-8111.23
0.0418253	-8127.7
0.04191	-8144.17
0.0419947	-8160.64
0.0420793	-8177.11
0.042164	-8193.58
0.0422487	-8210.05
0.0423333	-8226.52
0.042418	-8242.99
0.0425027	-8259.46
0.0425873	-8275.93
0.042672	-8292.41
0.0427567	-8308.88
0.0428413	-8325.35
0.042926	-8341.82
0.0430107	-8358.29
0.0430953	-8374.76
0.04318	-8391.23
0.0432647	-8407.7
0.0433493	-8424.17
0.043434	-8440.64
0.0435187	-8457.11
0.0436033	-8473.58
0.043688	-8490.05
0.0437727	-8506.53
0.0438573	-8523
0.043942	-8539.47
0.0440267	-8555.94
0.0441113	-8572.41
0.044196	-8588.88
0.0442807	-8605.35
0.0443653	-8621.83
0.04445	-8638.3
0.0445347	-8654.77
0.0446193	-8671.24
0.044704	-8687.71
0.0447887	-8704.19
0.0448733	-8720.66
0.044958	-8737.13
0.0450427	-8753.6
0.0451273	-8770.08
0.045212	-8786.55
0.0452967	-8803.02
0.0453813	-8819.49
0.045466	-8835.97
0.0455507	-8852.44
0.0456353	-8868.91
0.04572	-8885.39
0.0458047	-8901.86
0.0458893	-8918.33
0.045974	-8934.81
0.0460587	-8951.28
0.0461433	-8967.75
0.046228	-8984.23
0.0463127	-9000.7
0.0463973	-9017.18
0.046482	-9033.65
0.0465667	-9050.12
0.0466513	-9066.6
0.046736	-9083.07
0.0468207	-9099.55
0.0469053	-9116.02
0.04699	-9132.5
0.0470747	-9148.97
0.0471593	-9165.45
0.047244	-9181.92
0.0473287	-9198.4
0.0474133	-9214.88
0.047498	-9231.35
0.0475827	-9247.83
0.0476673	-9264.3
0.047752	-9280.78
0.0478367	-9297.25
0.0479213	-9313.73
0.048006	-9330.21
0.0480907	-9346.69
0.0481753	-9363.16
0.04826	-9379.64
0.0483447	-9396.12
0.0484293	-9412.59
0.048514	-9429.07
0.0485987	-9445.55
0.0486833	-9462.03
0.048768	-9478.51
0.0488527	-9494.98
0.0489373	-9511.46
0.049022	-9527.94
0.0491067	-9544.42
0.0491913	-9560.9
0.049276	-9577.38
0.0493607	-9593.86
0.0494453	-9610.34
0.04953	-9626.82
0.0496147	-9643.3
0.0496993	-9659.78
0.049784	-9676.26
0.0498687	-9692.74
0.0499533	-9709.22
0.0499533	-9709.22
0.050038	-9725.7
0.0501227	-9742.18
0.0502073	-9758.66
0.050292	-9775.14
0.0503767	-9791.62
0.0504613	-9808.1
0.050546	-9824.58
0.0506307	-9841.06
0.0507153	-9857.54
0.0508	-9869.91
)
