(title "Static Pressure")
(labels "Position" "Static Pressure")

((xy/key/label "line-center-axis")
0	-0.130671
0.0005	-2.72113
0.001	-8.36192
0.0015	-13.5151
0.002	-18.7373
0.0025	-24.005
0.003	-29.1005
0.0035	-33.8596
0.004	-38.2087
0.0045	-42.1545
0.005	-45.7127
0.0055	-48.9352
0.006	-51.836
0.0065	-54.4091
0.007	-56.6761
0.0075	-58.6741
0.008	-60.4504
0.0085	-62.0471
0.009	-63.4429
0.0095	-64.6507
0.01	-65.8032
0.0105	-66.984
0.011	-68.2757
0.0115	-69.6908
0.012	-71.1475
0.0125	-72.6945
0.013	-74.3586
0.0135	-76.041
0.014	-77.6354
0.0145	-79.0558
0.015	-80.3625
0.0155	-81.6165
0.016	-82.7465
0.0165	-83.7466
0.017	-84.6785
0.0175	-85.6091
0.018	-86.5285
0.0185	-87.3324
0.019	-87.9867
0.0195	-88.5807
0.02	-89.1315
0.0205	-89.6433
0.021	-90.1391
0.0215	-90.5717
0.022	-90.9759
0.0225	-91.4405
0.023	-91.9797
0.0235	-92.5204
0.024	-93.0676
0.0245	-93.6273
0.025	-94.117
0.0255	-94.5803
0.026	-95.0133
0.0265	-95.335
0.027	-95.6172
0.0275	-95.9663
0.028	-96.5284
0.0285	-97.3094
0.029	-98.2264
0.0295	-99.2279
0.03	-100.227
0.0305	-101.184
0.031	-102.074
0.0315	-103.072
0.032	-104.265
0.0325	-105.393
0.033	-106.391
0.0335	-107.325
0.034	-108.271
0.0345	-109.336
0.035	-110.511
0.0355	-111.731
0.036	-112.873
0.0365	-113.942
0.037	-114.913
0.0375	-115.749
0.038	-116.638
0.0385	-117.635
0.039	-118.631
0.0395	-119.618
0.04	-120.492
0.0405	-121.154
0.041	-121.796
0.0415	-122.538
0.042	-123.334
0.0425	-124.015
0.043	-124.622
0.0435	-125.27
0.044	-125.967
0.0445	-126.685
0.045	-127.407
0.0455	-128.172
0.046	-128.984
0.046	-128.984
0.0465	-129.841
0.047	-130.714
0.0475	-131.595
0.048	-132.478
0.0485	-133.289
0.049	-134.056
0.0495	-134.95
0.05	-136.027
0.0505	-137.12
0.051	-138.071
0.0515	-138.913
0.052	-139.635
0.0525	-140.267
0.053	-140.818
0.0535	-141.371
0.054	-142.099
0.0545	-142.874
0.055	-143.551
0.0555	-144.24
0.056	-145.014
0.0565	-145.83
0.057	-146.729
0.0575	-147.652
0.058	-148.462
0.0585	-149.163
0.059	-149.874
0.0595	-150.626
0.06	-151.362
0.0605	-152.22
0.061	-153.215
0.0615	-154.321
0.062	-155.529
0.0625	-156.826
0.063	-158.149
0.0635	-159.441
0.064	-160.754
0.0645	-162.083
0.065	-163.354
0.0655	-164.474
0.066	-165.508
0.0665	-166.524
0.067	-167.389
0.0675	-168.13
0.068	-168.835
0.0685	-169.554
0.069	-170.372
0.0695	-171.164
0.07	-171.864
0.0705	-172.513
0.071	-173.098
0.0715	-173.719
0.072	-174.513
0.0725	-175.409
0.073	-176.236
0.0735	-177.079
0.074	-177.937
0.0745	-178.762
0.075	-179.621
0.0755	-180.534
0.076	-181.474
0.0765	-182.297
0.077	-182.963
0.0775	-183.572
0.078	-184.241
0.0785	-184.992
0.079	-185.74
0.0795	-186.436
0.08	-187.122
0.0805	-187.688
0.081	-188.101
0.0815	-188.48
0.082	-188.821
0.0825	-189.149
0.083	-189.489
0.0835	-189.855
0.084	-190.222
0.0845	-190.655
0.085	-191.289
0.0855	-192.006
0.086	-192.62
0.0865	-193.223
0.087	-193.951
0.0875	-194.72
0.088	-195.453
0.0885	-196.14
0.089	-196.8
0.0895	-197.577
0.09	-198.455
0.0905	-199.275
0.091	-200.057
0.0915	-200.883
0.092	-201.728
0.0925	-202.578
0.093	-203.45
0.0935	-204.292
0.094	-205.128
0.0945	-206.027
0.095	-206.994
0.0955	-208.007
0.096	-209.022
0.0965	-210.061
0.097	-211.101
0.0975	-212.093
0.098	-213.096
0.0985	-214.063
0.099	-214.969
0.0995	-215.9
0.1	-216.863
0.1005	-217.861
0.101	-218.95
0.1015	-220.092
0.102	-221.249
0.1025	-222.464
0.103	-223.618
0.1035	-224.667
0.104	-225.71
0.1045	-226.732
0.105	-227.653
0.1055	-228.554
0.106	-229.495
0.1065	-230.362
0.107	-231.114
0.1075	-231.754
0.108	-232.414
0.1085	-233.196
0.109	-233.997
0.1095	-234.658
0.11	-235.15
0.1105	-235.623
0.111	-236.174
0.1115	-236.733
0.112	-237.277
0.1125	-237.829
0.113	-238.376
0.1135	-238.988
0.114	-239.721
0.1145	-240.494
0.115	-241.275
0.1155	-242.107
0.116	-243.04
0.1165	-244.008
0.117	-244.866
0.1175	-245.69
0.118	-246.524
0.1185	-247.372
0.119	-248.231
0.1195	-249.043
0.12	-249.803
0.1205	-250.575
0.121	-251.352
0.1215	-252.128
0.122	-252.969
0.1225	-253.804
0.123	-254.609
0.1235	-255.39
0.124	-256.176
0.1245	-257.057
0.125	-258.007
0.1255	-258.962
0.126	-259.896
0.1265	-260.814
0.127	-261.72
0.1275	-262.547
0.128	-263.327
0.1285	-264.169
0.129	-265.069
0.1295	-266.033
0.13	-267.049
0.1305	-268.101
0.131	-269.032
0.1315	-269.825
0.132	-270.62
0.1325	-271.416
0.1325	-271.416
0.133	-272.182
0.1335	-272.892
0.134	-273.562
0.1345	-274.265
0.135	-275.047
0.1355	-275.916
0.136	-276.877
0.1365	-277.811
0.137	-278.582
0.1375	-279.284
0.138	-280.044
0.1385	-280.836
0.139	-281.709
0.1395	-282.65
0.14	-283.521
0.1405	-284.32
0.141	-285.057
0.1415	-285.767
0.142	-286.478
0.1425	-287.114
0.143	-287.675
0.1435	-288.253
0.144	-288.897
0.1445	-289.645
0.145	-290.486
0.1455	-291.371
0.146	-292.263
0.1465	-293.063
0.147	-293.801
0.1475	-294.552
0.148	-295.347
0.1485	-296.155
0.149	-296.965
0.1495	-297.76
0.15	-298.466
0.1505	-299.18
0.151	-299.863
0.1515	-300.485
0.152	-301.142
0.1525	-301.736
0.153	-302.32
0.1535	-302.977
0.154	-303.734
0.1545	-304.678
0.155	-305.802
0.1555	-307.067
0.156	-308.33
0.1565	-309.477
0.157	-310.468
0.1575	-311.352
0.158	-312.14
0.1585	-312.877
0.159	-313.597
0.1595	-314.299
0.16	-315.01
0.1605	-315.822
0.161	-316.773
0.1615	-317.677
0.162	-318.517
0.1625	-319.271
0.163	-319.967
0.1635	-320.607
0.164	-321.128
0.1645	-321.654
0.165	-322.336
0.1655	-323.208
0.166	-324.236
0.1665	-325.365
0.167	-326.524
0.1675	-327.62
0.168	-328.65
0.1685	-329.61
0.169	-330.497
0.1695	-331.392
0.17	-332.317
0.1705	-333.216
0.171	-334.069
0.1715	-334.916
0.172	-335.784
0.1725	-336.71
0.173	-337.593
0.1735	-338.327
0.174	-339.067
0.1745	-339.946
0.175	-340.952
0.1755	-342.019
0.176	-343.116
0.1765	-344.211
0.177	-345.249
0.1775	-346.174
0.178	-346.979
0.1785	-347.709
0.179	-348.391
0.1795	-349.124
0.18	-349.905
0.1805	-350.795
0.181	-351.873
0.1815	-353.001
0.182	-354.052
0.1825	-355.006
0.183	-355.885
0.1835	-356.733
0.184	-357.519
0.1845	-358.237
0.185	-358.988
0.1855	-359.849
0.186	-360.896
0.1865	-362.11
0.187	-363.363
0.1875	-364.56
0.188	-365.705
0.1885	-366.79
0.189	-367.761
0.1895	-368.673
0.19	-369.583
0.1905	-370.445
0.191	-371.271
0.1915	-372.097
0.192	-372.872
0.1925	-373.617
0.193	-374.421
0.1935	-375.226
0.194	-376.011
0.1945	-376.853
0.195	-377.794
0.1955	-378.861
0.196	-379.981
0.1965	-381.07
0.197	-382.144
0.1975	-383.204
0.198	-384.218
0.1985	-385.18
0.199	-386.156
0.1995	-387.144
0.2	-388.113
0.2005	-389.085
0.201	-390.032
0.2015	-390.967
0.202	-391.907
0.2025	-392.771
0.203	-393.546
0.2035	-394.284
0.204	-394.998
0.2045	-395.687
0.205	-396.332
0.2055	-397.019
0.206	-397.812
0.2065	-398.65
0.207	-399.538
0.2075	-400.525
0.208	-401.54
0.2085	-402.53
0.209	-403.46
0.2095	-404.334
0.21	-405.183
0.2105	-405.993
0.211	-406.8
0.2115	-407.633
0.212	-408.516
0.2125	-409.542
0.213	-410.683
0.2135	-411.823
0.214	-412.875
0.2145	-413.801
0.215	-414.703
0.2155	-415.56
0.216	-416.379
0.2165	-417.289
0.217	-418.269
0.2175	-419.172
0.218	-419.971
0.2185	-420.749
0.219	-421.488
0.2195	-422.219
0.22	-423.015
0.2205	-423.9
0.221	-424.836
0.2215	-425.735
0.222	-426.655
0.2225	-427.689
0.223	-428.806
0.2235	-430.002
0.2235	-430.003
0.224	-431.219
0.2245	-432.311
0.225	-433.346
0.2255	-434.448
0.226	-435.561
0.2265	-436.671
0.227	-437.856
0.2275	-439.107
0.228	-440.3
0.2285	-441.418
0.229	-442.597
0.2295	-443.786
0.23	-444.9
0.2305	-446.012
0.231	-447.085
0.2315	-448.182
0.232	-449.37
0.2325	-450.638
0.233	-451.938
0.2335	-453.265
0.234	-454.658
0.2345	-456.052
0.235	-457.494
0.2355	-459.024
0.236	-460.614
0.2365	-462.163
0.237	-463.77
0.2375	-465.508
0.238	-467.321
0.2385	-469.277
0.239	-471.425
0.2395	-473.757
0.24	-476.097
0.2405	-478.332
0.241	-480.644
0.2415	-483.152
0.242	-485.815
0.2425	-488.676
0.243	-491.76
0.2435	-495.08
0.244	-498.621
0.2445	-502.435
0.245	-506.585
0.2455	-511.084
0.246	-516.176
0.2465	-522.051
0.247	-528.525
0.2475	-535.429
0.248	-542.937
0.2485	-551.093
0.249	-559.78
0.2495	-568.914
0.25	-578.159
0.2505	-586.659
0.251	-593.267
0.2515	-596.667
0.252	-595.24
0.2525	-587.528
0.253	-573.448
0.2535	-562.205
0.254	-531.005
)
